直前1区間徐行
		datetime.datetime(100,1,1,8,30,00):[1, 1, 1, 1, 1, 1, 1, 1, 1, 1, 1, 1, 1, 1, 1, 1, 1, 1, 1],
		datetime.datetime(100,1,1,9,00,00):[1, 1, 1, 1, 1, 1, 1, 0, 1, 1, 1, 1, 1, 1, 1, 1, 1, 1, 1], #Incident
		datetime.datetime(100,1,1,9,05,00):[1, 1, 1, 1, 1, 1, 0.1, 0, 1, 1, 1, 1, 1, 1, 1, 1, 1, 1, 1], #Incident
		datetime.datetime(100,1,1,9,10,00):[1, 1, 1, 1, 1, 1, 0.1, 0, 1, 1, 1, 1, 1, 1, 1, 1, 1, 1, 1], #Incident
		datetime.datetime(100,1,1,9,15,00):[1, 1, 1, 1, 1, 1, 0.1, 0.3, 1, 1, 1, 1, 1, 1, 1, 1, 1, 1, 1],
		datetime.datetime(100,1,1,9,30,00):[1, 1, 1, 1, 1, 1, 0.1, 0.3, 1, 1, 1, 1, 1, 1, 1, 1, 1, 1, 1],
		datetime.datetime(100,1,1,9,45,00):[1, 1, 1, 1, 1, 1, 0.1, 0.3, 1, 1, 1, 1, 1, 1, 1, 1, 1, 1, 1],
		datetime.datetime(100,1,1,10,00,00):[1, 1, 1, 1, 1, 1, 1, 1, 1, 1, 1, 1, 1, 1, 1, 1, 1, 1, 1],
		datetime.datetime(100,1,1,10,15,00):[1, 1, 1, 1, 1, 1, 1, 1, 1, 1, 1, 1, 1, 1, 1, 1, 1, 1, 1],
		datetime.datetime(100,1,1,10,30,00):[1, 1, 1, 1, 1, 1, 1, 1, 1, 1, 1, 1, 1, 1, 1, 1, 1, 1, 1],
		datetime.datetime(100,1,1,10,45,00):[1, 1, 1, 1, 1, 1, 1, 1, 1, 1, 1, 1, 1, 1, 1, 1, 1, 1, 1],
		datetime.datetime(100,1,1,11,00,00):[1, 1, 1, 1, 1, 1, 1, 1, 1, 1, 1, 1, 1, 1, 1, 1, 1, 1, 1],
		datetime.datetime(100,1,1,11,15,00):[1, 1, 1, 1, 1, 1, 1, 1, 1, 1, 1, 1, 1, 1, 1, 1, 1, 1, 1],
		datetime.datetime(100,1,1,11,30,00):[1, 1, 1, 1, 1, 1, 1, 1, 1, 1, 1, 1, 1, 1, 1, 1, 1, 1, 1],
		datetime.datetime(100,1,1,11,45,00):[1, 1, 1, 1, 1, 1, 1, 1, 1, 1, 1, 1, 1, 1, 1, 1, 1, 1, 1],

連続区間徐行
		datetime.datetime(100,1,1,8,30,00):[1, 1, 1, 1, 1, 1, 1, 1, 1, 1, 1, 1, 1, 1, 1, 1, 1, 1, 1],
		datetime.datetime(100,1,1,9,00,00):[1, 1, 1, 1, 1, 1, 1, 0, 1, 1, 1, 1, 1, 1, 1, 1, 1, 1, 1], #Incident
		datetime.datetime(100,1,1,9,05,00):[1, 1, 1, 1, 1, 0.2, 0.1, 0, 1, 1, 1, 1, 1, 1, 1, 1, 1, 1, 1], #Incident
		datetime.datetime(100,1,1,9,10,00):[1, 1, 1, 1, 0.5, 0.2, 0.1, 0, 1, 1, 1, 1, 1, 1, 1, 1, 1, 1, 1], #Incident
		datetime.datetime(100,1,1,9,15,00):[1, 1, 1, 1, 0.5, 0.5, 0.2, 0.3, 1, 1, 1, 1, 1, 1, 1, 1, 1, 1, 1],
		datetime.datetime(100,1,1,9,30,00):[1, 1, 1, 1, 0.5, 0.5, 0.2, 0.3, 1, 1, 1, 1, 1, 1, 1, 1, 1, 1, 1],
		datetime.datetime(100,1,1,9,45,00):[1, 1, 1, 1, 0.5, 0.5, 0.2, 0.3, 1, 1, 1, 1, 1, 1, 1, 1, 1, 1, 1],
		datetime.datetime(100,1,1,10,00,00):[1, 1, 1, 1, 1, 1, 1, 1, 1, 1, 1, 1, 1, 1, 1, 1, 1, 1, 1],
		datetime.datetime(100,1,1,10,15,00):[1, 1, 1, 1, 1, 1, 1, 1, 1, 1, 1, 1, 1, 1, 1, 1, 1, 1, 1],
		datetime.datetime(100,1,1,10,30,00):[1, 1, 1, 1, 1, 1, 1, 1, 1, 1, 1, 1, 1, 1, 1, 1, 1, 1, 1],
		datetime.datetime(100,1,1,10,45,00):[1, 1, 1, 1, 1, 1, 1, 1, 1, 1, 1, 1, 1, 1, 1, 1, 1, 1, 1],
		datetime.datetime(100,1,1,11,00,00):[1, 1, 1, 1, 1, 1, 1, 1, 1, 1, 1, 1, 1, 1, 1, 1, 1, 1, 1],
		datetime.datetime(100,1,1,11,15,00):[1, 1, 1, 1, 1, 1, 1, 1, 1, 1, 1, 1, 1, 1, 1, 1, 1, 1, 1],
		datetime.datetime(100,1,1,11,30,00):[1, 1, 1, 1, 1, 1, 1, 1, 1, 1, 1, 1, 1, 1, 1, 1, 1, 1, 1],
		datetime.datetime(100,1,1,11,45,00):[1, 1, 1, 1, 1, 1, 1, 1, 1, 1, 1, 1, 1, 1, 1, 1, 1, 1, 1],

		datetime.datetime(100,1,1,8,30,00):[1, 1, 1, 1, 1, 1, 1, 1, 1, 1, 1, 1, 1, 1, 1, 1, 1, 1, 1],
		datetime.datetime(100,1,1,9,00,00):[1, 1, 1, 1, 1, 1, 1, 0, 1, 1, 1, 1, 1, 1, 1, 1, 1, 1, 1], #Incident
		datetime.datetime(100,1,1,9,05,00):[1, 0.5, 0.5, 0.5, 0.5, 0.2, 0.1, 0, 1, 1, 1, 1, 1, 1, 1, 1, 1, 1, 1], #Incident
		datetime.datetime(100,1,1,9,10,00):[1, 0.5, 0.5, 0.5, 0.5, 0.2, 0.1, 0, 1, 1, 1, 1, 1, 1, 1, 1, 1, 1, 1], #Incident
		datetime.datetime(100,1,1,9,15,00):[1, 0.5, 0.5, 0.5, 0.5, 0.5, 0.2, 0.3, 1, 1, 1, 1, 1, 1, 1, 1, 1, 1, 1],
		datetime.datetime(100,1,1,9,30,00):[1, 0.5, 0.5, 0.5, 0.5, 0.5, 0.2, 0.3, 1, 1, 1, 1, 1, 1, 1, 1, 1, 1, 1],
		datetime.datetime(100,1,1,9,45,00):[1, 0.5, 0.5, 0.5, 0.5, 0.5, 0.2, 0.3, 1, 1, 1, 1, 1, 1, 1, 1, 1, 1, 1],
		datetime.datetime(100,1,1,10,00,00):[1, 1, 1, 1, 1, 1, 1, 1, 1, 1, 1, 1, 1, 1, 1, 1, 1, 1, 1],
		datetime.datetime(100,1,1,10,15,00):[1, 1, 1, 1, 1, 1, 1, 1, 1, 1, 1, 1, 1, 1, 1, 1, 1, 1, 1],
		datetime.datetime(100,1,1,10,30,00):[1, 1, 1, 1, 1, 1, 1, 1, 1, 1, 1, 1, 1, 1, 1, 1, 1, 1, 1],
		datetime.datetime(100,1,1,10,45,00):[1, 1, 1, 1, 1, 1, 1, 1, 1, 1, 1, 1, 1, 1, 1, 1, 1, 1, 1],
		datetime.datetime(100,1,1,11,00,00):[1, 1, 1, 1, 1, 1, 1, 1, 1, 1, 1, 1, 1, 1, 1, 1, 1, 1, 1],
		datetime.datetime(100,1,1,11,15,00):[1, 1, 1, 1, 1, 1, 1, 1, 1, 1, 1, 1, 1, 1, 1, 1, 1, 1, 1],
		datetime.datetime(100,1,1,11,30,00):[1, 1, 1, 1, 1, 1, 1, 1, 1, 1, 1, 1, 1, 1, 1, 1, 1, 1, 1],
		datetime.datetime(100,1,1,11,45,00):[1, 1, 1, 1, 1, 1, 1, 1, 1, 1, 1, 1, 1, 1, 1, 1, 1, 1, 1],
